Balloon 0.0 439.68 8.969839 490.24
Balloon 0.0 769.28 10.251147 805.76
Balloon 0.0 807.68 14.095754 851.2
Balloon 0.0 550.4 23.065592999999996 615.04
Balloon 0.0 882.56 24.346901000000003 929.92
Balloon 0.0 840.96 26.269546000000002 898.56
Balloon 0.0 921.6 76.88531 981.12
Balloon 0.0 206.72 82.011225 295.68
Balloon 0.0 977.92 164.663104 1023.36
Balloon 5.125915 779.52 42.287262 835.84
Balloon 17.299024 748.16 62.789556 800.64
Balloon 23.065592999999996 876.16 57.664324 926.72
Balloon 24.346901000000003 82.56 115.328648 175.36
Balloon 29.472815999999998 798.72 68.55612500000001 840.96
Balloon 42.287262 383.36 115.328648 465.92
Balloon 47.412493999999995 240.0 122.375842 323.84
Balloon 49.335139000000005 882.56 73.68203999999999 929.92
Balloon 61.508247999999995 753.28 101.87354799999999 810.88
Balloon 62.789556 944.0 89.05910200000001 982.4
Balloon 66.634163 545.28 117.25061000000001 597.76
Balloon 76.88531 289.28 159.53718899999998 380.16
Balloon 78.80795499999999 426.88 147.36407999999997 523.52
Balloon 87.777794 910.08 160.81918 967.68
Balloon 98.02894099999999 767.36 150.56735 826.88
Balloon 99.950903 7.04 194.13592 106.88
Balloon 101.87354799999999 580.48 124.29848700000001 602.88
Balloon 103.154856 881.28 124.29848700000001 924.8
Balloon 115.328648 533.12 173.632943 599.68
Balloon 117.25061000000001 876.16 147.36407999999997 926.72
Balloon 121.09453400000001 400.64 192.854612 465.92
Balloon 122.375842 344.96 192.854612 416.64
Balloon 122.375842 241.92 201.183797 316.8
Balloon 126.220449 867.2 154.411957 914.56
Balloon 131.346364 592.64 147.36407999999997 611.84
Balloon 143.51947299999998 851.2 178.758858 896.64
Balloon 150.56735 576.64 183.884773 616.96
Balloon 155.69326500000003 964.48 187.08804300000003 1009.92
Balloon 159.53718899999998 282.24 234.50122000000002 368.0
Balloon 160.81918 906.24 189.010005 945.28
Balloon 166.585066 932.48 190.93265000000002 965.76
Balloon 166.585066 0.0 267.81795999999997 49.28
Balloon 171.710981 528.0 226.17135199999998 597.76
Balloon 181.96281100000002 383.36 255.644168 444.8
Balloon 183.884773 904.96 215.279551 936.32
Balloon 189.010005 446.72 250.518936 525.44
Balloon 196.05788199999998 328.96 267.81795999999997 411.52
Balloon 199.90248899999997 238.08 288.961591 313.6
Balloon 201.183797 960.64 281.913714 1000.96
Balloon 205.028404 571.52 250.518936 624.0
Balloon 210.153636 67.84 296.009468 165.76
Balloon 217.201513 413.44 279.99175199999996 490.24
Balloon 222.32742799999997 522.24 281.913714 599.68
Balloon 239.626452 910.08 262.692045 948.48
Balloon 253.72220600000003 566.4 285.757638 631.04
Balloon 255.644168 496.0 308.182577 562.56
Balloon 260.770083 888.96 287.039629 929.28
Balloon 260.770083 289.28 336.374085 366.08
Balloon 265.89599799999996 822.4 296.009468 853.76
Balloon 276.787799 430.72 344.70327 504.32
Balloon 294.08750599999996 773.76 329.326208 814.08
Balloon 294.08750599999996 0.0 362.643631 19.84
Balloon 297.93143000000003 323.84 370.9728160000001 413.44
Balloon 299.212738 747.52 338.29673 798.08
Balloon 301.13538300000005 547.2 341.5 592.64
Balloon 306.260615 803.2 344.70327 862.72
Balloon 306.260615 81.92 392.116447 179.84
Balloon 312.027184 736.64 338.29673 773.76
Balloon 313.308492 960.64 341.5 992.0
Balloon 313.308492 571.52 353.673792 624.0
Balloon 313.308492 709.12 369.691508 768.0
Balloon 315.230454 446.72 376.73938499999997 530.56
Balloon 318.434407 896.0 339.578038 938.24
Balloon 329.326208 946.56 355.59575400000006 971.52
Balloon 331.248853 878.72 358.79902400000003 915.2
Balloon 334.45212300000003 276.48 410.056125 350.08
Balloon 338.29673 904.96 367.769546 939.52
Balloon 343.421962 503.04 379.942655 571.52
Balloon 343.421962 535.04 392.116447 606.72
Balloon 343.421962 666.88 682.3593460000001 798.08
Balloon 350.469839 10.24 439.52894100000003 115.2
Balloon 351.75114700000006 946.56 369.691508 971.52
Balloon 351.75114700000006 368.0 411.337433 451.84
Balloon 351.75114700000006 216.96 429.27779400000003 302.72
Balloon 353.673792 428.8 417.104002 495.36
Balloon 355.59575400000006 666.88 397.24167900000003 735.36
Balloon 355.59575400000006 778.88 618.2877990000001 874.88
Balloon 364.565593 878.72 383.787262 906.24
Balloon 374.8174230000001 559.36 406.212201 609.92
Balloon 374.8174230000001 315.52 444.65485599999994 400.64
Balloon 378.02069300000005 494.72 437.60697899999997 571.52
Balloon 397.24167900000003 664.96 455.546657 740.48
Balloon 403.00824800000004 892.8 418.38530999999995 924.16
Balloon 403.00824800000004 78.08 490.14538799999997 165.76
Balloon 408.134163 939.52 439.52894100000003 971.52
Balloon 411.337433 421.76 476.049634 505.6
Balloon 413.260078 528.0 451.702733 585.6
Balloon 425.43318700000003 362.24 483.097511 428.8
Balloon 430.559102 222.72 499.115227 299.52
Balloon 432.481064 0.0 523.462128 98.56
Balloon 434.403709 869.76 465.798487 903.04
Balloon 437.60697899999997 931.2 456.828648 958.72
Balloon 443.373548 297.6 518.336896 383.36
Balloon 446.576818 523.52 502.31918 595.2
Balloon 458.75061 929.28 479.894241 955.52
Balloon 462.59453399999995 883.84 488.86408000000006 915.2
Balloon 463.875842 446.72 486.942118 505.6
Balloon 465.798487 388.48 527.306735 451.84
Balloon 477.971596 673.92 534.3546120000001 726.4
Balloon 485.01947300000006 268.16 549.731674 332.8
Balloon 488.86408000000006 855.68 515.1329430000001 894.08
Balloon 492.06735000000003 330.88 544.605759 411.52
Balloon 497.193265 215.68 577.923182 308.48
Balloon 516.4149339999999 63.36 611.239922 170.24
Balloon 520.258858 421.76 577.923182 492.16
Balloon 525.384773 936.32 576.00122 995.84
Balloon 532.43265 374.4 600.9887749999999 458.88
Balloon 539.4805269999999 323.84 613.162567 399.36
Balloon 546.528404 257.28 613.162567 336.0
Balloon 586.8930210000001 864.64 623.413714 910.08
Balloon 586.8930210000001 215.68 640.7127380000001 294.4
Balloon 590.096291 3.84 682.3593460000001 92.8
Balloon 607.395998 77.44 682.3593460000001 156.16
Balloon 609.31796 177.28 682.3593460000001 295.68
Balloon 611.239922 285.44 670.8262080000001 355.2
Balloon 616.3658369999999 313.6 682.3593460000001 395.52
Balloon 618.2877990000001 846.72 654.808492 885.76
Balloon 623.413714 488.32 682.3593460000001 544.64
Balloon 639.43143 381.44 682.3593460000001 418.56
Balloon 653.5271839999999 521.6 682.3593460000001 565.12
Balloon 659.9344070000001 0.0 682.3593460000001 32.0
