Balloon 0.0 128.0 11.733504 181.332992
Balloon 11.733504 117.33299199999999 59.733503999999996 192.0
Balloon 62.932992 109.86700800000001 116.26675200000003 186.667008
Balloon 110.93299200000001 99.2 174.933504 184.53299199999998
Balloon 153.60000000000002 122.66700800000001 214.400256 193.06700800000002
Balloon 221.86675200000002 118.4 286.93324800000005 192.0
Balloon 324.266496 122.66700800000001 379.73299199999997 195.2
Balloon 381.86649600000004 125.86700800000001 446.9329919999999 205.867008
Balloon 441.59999999999997 149.332992 500.266752 216.53299199999998
Balloon 504.532992 137.6 567.466752 216.53299199999998
Balloon 551.4670080000001 155.732992 610.132992 219.732992
Balloon 605.866752 164.267008 669.866496 235.732992
Balloon 666.6670079999999 171.732992 725.3329920000001 243.2
Balloon 700.8 193.06700800000002 741.3335040000001 253.867008
Balloon 744.532992 184.53299199999998 766.933248 254.93299199999998
Balloon 744.532992 211.2 766.933248 272.0
