0 0.005856515373352855 0.4537890625 0.013133 0.049375
0 0.007320644216691069 0.768828125 0.015009 0.03562500000000002
0 0.010248901903367497 0.8092578125 0.020638 0.04250000000000009
0 0.016105417276720352 0.56875 0.033770999999999995 0.06312499999999999
0 0.017569546120058566 0.8843359375 0.035647000000000005 0.04625000000000001
0 0.01903367496339678 0.84859375 0.038462 0.05624999999999991
0 0.055636896046852125 0.9283203125 0.11257 0.05812499999999998
0 0.060029282576866766 0.24484375 0.12007499999999999 0.08687500000000001
0 0.12005856515373353 0.976484375 0.241088 0.04437500000000005
0 0.033859319180087846 0.78859375 0.054409 0.05500000000000005
0 0.05753883455344071 0.756015625 0.066604 0.05125000000000002
0 0.05866119033674962 0.8800390625 0.050657 0.04937500000000006
0 0.10153279795021962 0.125546875 0.133209 0.09062500000000001
0 0.07097044802342606 0.8005078125 0.057223000000000024 0.04125000000000001
0 0.1146226383601757 0.4144140625 0.10694200000000001 0.080625
0 0.1235907672035139 0.2744140625 0.10975600000000002 0.08187499999999998
0 0.08980254612005857 0.8843359375 0.03564699999999997 0.04625000000000001
0 0.11933857686676427 0.76296875 0.059099999999999986 0.05625000000000002
0 0.11096567496339678 0.9404296875 0.03846200000000002 0.03749999999999998
0 0.13416422108345535 0.557890625 0.07410900000000001 0.05125000000000002
0 0.17259928257686677 0.3264453125 0.12101299999999997 0.08875000000000005
0 0.16516538067349926 0.46375 0.10037499999999996 0.09437499999999999
0 0.1812266383601757 0.91609375 0.10694199999999998 0.05624999999999991
0 0.18159434992679355 0.7776953125 0.07692300000000002 0.05812499999999998
0 0.21515505563689602 0.0547265625 0.137899 0.09749999999999999
0 0.16526141727672033 0.5776171875 0.032833000000000036 0.021874999999999978
0 0.16567328843338214 0.8811328125 0.03095700000000002 0.04249999999999998
0 0.21131573645680818 0.5528515625 0.08536500000000001 0.06499999999999995
0 0.1936319326500732 0.8800390625 0.04408999999999995 0.04937500000000006
0 0.2285425095168375 0.4225 0.10506599999999999 0.06375000000000003
0 0.23041850951683748 0.3710546875 0.10318999999999999 0.07
0 0.23627502489019034 0.27238281249999996 0.11538499999999999 0.07312500000000002
0 0.205300803806735 0.8693359375 0.041276 0.0462499999999999
0 0.2040210307467057 0.5875390625 0.02345199999999997 0.018750000000000044
0 0.2350211903367496 0.852734375 0.05159500000000004 0.04437499999999994
0 0.24387606149341143 0.58265625 0.048780999999999984 0.03937500000000005
0 0.24991693265007325 0.963359375 0.045966 0.04437499999999994
0 0.28775576720351387 0.316640625 0.10975700000000005 0.08374999999999999
0 0.255957803806735 0.9035546875 0.04127500000000003 0.038124999999999964
0 0.2614715461200586 0.92625 0.03564800000000002 0.03249999999999997
0 0.3171084421669107 0.0234375 0.14821799999999993 0.048125
0 0.2909384787701318 0.548828125 0.07973699999999997 0.06812499999999999
0 0.3191256383601757 0.403671875 0.10787899999999999 0.06
0 0.2911929326500732 0.8983984375 0.045966 0.030625000000000013
0 0.3206588653001464 0.4743359375 0.09005699999999998 0.07687500000000003
0 0.33829850951683743 0.3612890625 0.10506599999999999 0.080625
0 0.3571046691068814 0.26863281250000004 0.13039400000000004 0.07375000000000001
0 0.35312415373352857 0.95765625 0.11819900000000004 0.03937500000000005
0 0.3323988345534407 0.583515625 0.066604 0.05125000000000002
0 0.369185411420205 0.113125 0.12570400000000004 0.09562499999999999
0 0.36339899414348464 0.440859375 0.09193299999999993 0.07500000000000001
0 0.36797573645680814 0.547109375 0.08724200000000008 0.07562499999999994
0 0.36694941727672037 0.9073046875 0.03377100000000001 0.03749999999999998
0 0.39490806149341146 0.584375 0.04690399999999994 0.06312499999999999
0 0.41236334992679363 0.5166015625 0.07692299999999996 0.06499999999999995
0 0.40083467496339675 0.88765625 0.03846199999999999 0.03937499999999994
0 0.4359737672035139 0.319609375 0.11069399999999997 0.07500000000000001
0 0.41126793265007316 0.8177734375 0.044090000000000094 0.030625000000000013
0 0.45356925183016106 0.45578125 0.09943699999999996 0.07187499999999997
0 0.45547219033674957 0.77515625 0.05159400000000007 0.03937500000000005
0 0.48036238067349923 0.0087890625 0.10037500000000009 0.019375
0 0.48891863836017574 0.35921875 0.10694200000000006 0.08750000000000002
0 0.46590444802342607 0.7544140625 0.05722400000000003 0.04937500000000006
0 0.4701835768667643 0.555859375 0.05909899999999993 0.04437499999999994
0 0.47622344802342603 0.8126953125 0.056285 0.05812499999999998
0 0.509898411420205 0.12687500000000002 0.12570400000000004 0.095625
0 0.47588167496339673 0.736953125 0.03846200000000007 0.036250000000000004
0 0.479221803806735 0.9527734375 0.041276 0.030625000000000013
0 0.4880065768667643 0.583515625 0.059099999999999986 0.05125000000000002
0 0.49971960761347 0.7208203125 0.082552 0.057499999999999996
0 0.5054618653001465 0.4762890625 0.09005699999999994 0.08187499999999992
0 0.48087028843338214 0.8955078125 0.030956999999999957 0.04125000000000001
0 0.5012096749633967 0.93609375 0.03846200000000007 0.024375000000000036
0 0.5040246749633968 0.875703125 0.04033700000000005 0.03562500000000002
0 0.543853767203514 0.30515625 0.11069399999999997 0.07187499999999997
0 0.5158078038067351 0.9003515625 0.04315199999999995 0.03374999999999995
0 0.5291683191800879 0.524453125 0.05347099999999999 0.06687499999999996
0 0.5379530922401171 0.5566796875 0.07129499999999998 0.07000000000000006
0 0.7502517745241581 0.7147265625 0.4962480000000001 0.12812500000000004
0 0.5775546691068814 0.06078125 0.13039400000000007 0.10250000000000001
0 0.5267220307467058 0.93609375 0.026266999999999912 0.024375000000000036
0 0.5574687364568083 0.3994140625 0.08724199999999988 0.08187499999999998
0 0.5706458960468522 0.25289062500000004 0.11350899999999996 0.08375000000000002
0 0.5632119941434847 0.4509765625 0.09286999999999998 0.065
0 0.5499205768667643 0.684453125 0.06097499999999997 0.06687500000000002
0 0.7124388784773061 0.8075 0.384615 0.09375
0 0.546948159590044 0.8708203125 0.02814300000000003 0.026874999999999982
0 0.5707429326500734 0.5706640625 0.04596599999999988 0.04937499999999995
0 0.5985613806734994 0.349140625 0.1022509999999998 0.083125
0 0.5959307364568083 0.520234375 0.08724199999999988 0.07499999999999996
0 0.6240727364568083 0.6855078125 0.08536599999999993 0.07374999999999998
0 0.6003049019033676 0.8865234375 0.022513999999999867 0.030625000000000013
0 0.6530135402635433 0.1182421875 0.1275799999999999 0.08562499999999999
0 0.6195229326500732 0.933125 0.04596600000000004 0.03125
0 0.6491031229868228 0.4519140625 0.09474700000000007 0.08187500000000003
0 0.6328844480234261 0.54296875 0.056285 0.05625000000000002
0 0.66388460761347 0.3859765625 0.08442799999999995 0.065
0 0.6801743806734992 0.254609375 0.100375 0.07499999999999998
0 0.6990937979502196 0.0478515625 0.133208 0.09625
0 0.6579849326500732 0.865 0.04596600000000004 0.03249999999999997
0 0.6538901595900439 0.9220703125 0.02814300000000003 0.026874999999999982
0 0.703328767203514 0.331640625 0.10975599999999999 0.08374999999999999
0 0.6933774787701318 0.5454296875 0.08161400000000002 0.07000000000000006
0 0.6863112884333822 0.9201953125 0.03095700000000004 0.02562500000000001
0 0.6963316749633968 0.8777734375 0.038462000000000156 0.030625000000000013
0 0.6952794172767203 0.4645703125 0.033772000000000024 0.057499999999999996
0 0.7259128653001464 0.4096484375 0.09005599999999997 0.06187499999999996
0 0.74080760761347 0.683515625 0.08255200000000017 0.05125000000000002
0 0.7569831229868229 0.293125 0.0947469999999999 0.06312499999999999
0 0.7347936749633969 0.8541796875 0.038461000000000016 0.03750000000000009
0 0.7585173499267936 0.3621875 0.076923 0.07874999999999999
0 0.7865201537335286 0.255546875 0.118199 0.09062500000000001
0 0.824912055636896 0.1136328125 0.1388360000000001 0.10437500000000001
0 0.80272160761347 0.4460546875 0.08442799999999995 0.06875000000000003
0 0.8058342210834554 0.9426953125 0.074109 0.05812499999999998
0 0.8293303806734992 0.406640625 0.10037499999999992 0.08250000000000002
0 0.8425776383601756 0.3523828125 0.10788000000000005 0.07375000000000004
0 0.8485042518301611 0.2893359375 0.09756099999999991 0.07687500000000003
0 0.8856413191800879 0.865859375 0.05347099999999991 0.04437500000000005
0 0.8973543499267936 0.2487109375 0.07879899999999995 0.07687499999999997
0 0.9313269267935578 0.04671875 0.13508500000000018 0.086875
0 0.9434787672035139 0.1137109375 0.10975600000000016 0.076875
0 0.9448286383601756 0.2307421875 0.10694200000000015 0.115625
0 0.9373937364568081 0.311953125 0.08724200000000013 0.06812499999999999
0 0.9492911229868227 0.3453125 0.0966230000000002 0.07999999999999996
0 0.931607319180088 0.8454296875 0.05347099999999991 0.038124999999999964
0 0.9552177364568082 0.5042187499999999 0.08630400000000006 0.05499999999999999
0 0.9669567057101025 0.390078125 0.06285200000000014 0.036250000000000004
0 0.9773458038067349 0.5298828125 0.042214000000000224 0.04249999999999998
0 0.9823344172767204 0.015625 0.032832999999999994 0.03125
