0 0.006510416666666667 0.150390625 0.015278 0.05208299999999999
0 0.04652799999999999 0.1507158125 0.0625 0.07291700000000001
0 0.11579816666666666 0.144401375 0.06944500000000003 0.075
0 0.18611066666666667 0.137890625 0.08333399999999998 0.08333299999999998
0 0.23906250000000004 0.1539716875 0.07916699999999999 0.06875
0 0.3305556666666667 0.15078125 0.08472200000000003 0.071875
0 0.45737825000000004 0.15494825 0.07222199999999994 0.07083299999999998
0 0.5388886666666667 0.1610029375 0.08472199999999981 0.07812499999999999
0 0.6127604166666666 0.1780595625 0.07638900000000004 0.06562499999999999
0 0.6973085833333332 0.1724609375 0.08194500000000009 0.07708299999999998
0 0.7558164166666668 0.183333 0.07638799999999983 0.0625
0 0.8292535833333333 0.1945966875 0.08333299999999995 0.06979099999999999
0 0.9058164166666666 0.2018876875 0.07638800000000028 0.06979199999999999
0 0.9385416666666666 0.21783887500000002 0.05277800000000014 0.05937499999999998
0 0.9837669166666667 0.21438768749999998 0.029167000000000016 0.06875
0 0.9837669166666667 0.235546875 0.029167000000000016 0.05937500000000001
