0 0.2822265625 0.3513909224011713 0.566 0.704
0 0.3232421875 0.6090922401171303 0.14800000000000002 0.28
0 0.426359375 0.6538814055636897 0.13733299999999998 0.21399999999999997
0 0.5463076250000001 0.4348213762811127 0.36333299999999996 0.6679999999999999
0 0.4186015625 0.7232108345534407 0.033332999999999946 0.06499999999999997
0 0.6043408125 0.6189487554904831 0.1666669999999999 0.29200000000000004
0 0.6986123125 0.7048140556368961 0.08866600000000002 0.13800000000000004
0 0.7673935625 0.4664758418740849 0.18999999999999995 0.45099999999999996
0 0.7829873125 0.6895695461200586 0.056665999999999994 0.03699999999999985
0 0.832161125 0.6546705710102488 0.09866700000000006 0.15
0 0.9122470625 0.5672650073206442 0.17400000000000004 0.38700000000000007
0 0.97819825 0.6334597364568082 0.04066599999999998 0.08500000000000009
