0 0.24651075 0.246875 0.17999999999999997 0.12687500000000002
0 0.20473991666666666 0.18703125 0.09333300000000001 0.03937499999999999
0 0.26776008333333334 0.126484375 0.16 0.136875
0 0.3463538333333333 0.2330859375 0.15250000000000005 0.13874999999999998
0 0.35161458333333334 0.07421875 0.14333300000000002 0.14875
0 0.3680211666666667 0.290546875 0.06833299999999998 0.027500000000000024
0 0.4319270833333333 0.16691406250000002 0.16 0.14375
0 0.4426038333333333 0.3221484375 0.09083400000000001 0.06125000000000003
0 0.4986458333333333 0.273828125 0.18250000000000002 0.12999999999999998
0 0.45817708333333335 0.2441015625 0.09749999999999999 0.0975
0 0.4455725833333333 0.0846484375 0.04999999999999997 0.030625
0 0.5157815833333333 0.0693359375 0.14583299999999996 0.14
0 0.5593225833333334 0.29671875 0.1133339999999999 0.08750000000000002
0 0.57755175 0.1603515625 0.1499999999999999 0.128125
0 0.6017190833333333 0.2209375 0.06583300000000003 0.048125
0 0.7902080000000001 0.3002734375 0.22083399999999997 0.12437499999999999
