0 0.0164453125 0.5095854705882353 0.025625 0.03295599999999999
0 0.012109375 0.3968867058823529 0.012499999999999999 0.025424000000000082
0 0.016015625 0.452971294117647 0.020624999999999998 0.02730700000000008
0 0.016835937500000002 0.34898088235294117 0.015624999999999998 0.031073000000000035
0 0.018789062500000002 0.5554282352941177 0.019374999999999996 0.04237300000000003
0 0.021718750000000002 0.31832029411764706 0.024375 0.029189999999999994
0 0.024921875 0.4828070588235294 0.028125 0.03578199999999996
0 0.0251953125 0.4268386470588235 0.026875 0.038606999999999954
0 0.0264453125 0.5365429411764705 0.026875000000000003 0.0150660000000002
0 0.0269921875 0.3768164705882353 0.023125 0.03483999999999997
0 0.0280859375 0.40577411764705884 0.015624999999999997 0.022599000000000008
0 0.035390624999999995 0.45444188235294114 0.02125 0.031074000000000143
0 0.036640624999999996 0.3508638823529412 0.02 0.031073999999999977
0 0.039570312499999996 0.5152344705882353 0.025625 0.03295699999999997
0 0.039140625 0.5562530588235295 0.020625000000000004 0.03672399999999995
0 0.041640625 0.31455329411764704 0.020624999999999998 0.029189999999999994
0 0.045234375 0.40129847058823526 0.013124999999999998 0.032957000000000056
0 0.0501171875 0.4318428823529412 0.021875 0.031073999999999977
0 0.05234375 0.48363288235294116 0.024375 0.030131
0 0.0551171875 0.3753458823529412 0.021875000000000006 0.031073999999999977
0 0.05859375 0.5301842941176471 0.024374999999999994 0.029189999999999994
0 0.06171875 0.45862129411764696 0.024374999999999994 0.029190000000000077
0 0.0626953125 0.34792270588235297 0.025624999999999995 0.024482000000000007
0 0.061015625 0.40536170588235293 0.021249999999999998 0.024482000000000007
0 0.062265625 0.5032897058823529 0.019999999999999997 0.025424000000000082
0 0.06421874999999999 0.563141294117647 0.024375 0.029190000000000077
0 0.0598828125 0.3176745294117647 0.010000000000000002 0.01789100000000002
0 0.0654296875 0.43602229411764704 0.007500000000000007 0.02730699999999991
0 0.732109375 0.5818571176470588 0.04375000000000007 0.022598999999999925
0 0.736328125 0.5052260000000001 0.03562500000000002 0.05273099999999991
0 0.7449609375 0.3509171764705883 0.04499999999999993 0.05743799999999991
0 0.742578125 0.5524231764705883 0.03562500000000002 0.05649699999999999
0 0.743828125 0.42465941176470595 0.0368750000000001 0.04990599999999992
0 0.737265625 0.38841270588235294 0.020625000000000004 0.025424
0 0.7309765625 0.4656257058823529 0.003750000000000031 0.02636500000000009
0 0.7553515625 0.30748600000000004 0.03500000000000003 0.05178899999999996
0 0.7552734375 0.4752101764705882 0.02937500000000004 0.05649699999999991
0 0.7625 0.3899355882352941 0.03312500000000007 0.05555600000000002
0 0.770703125 0.5175831764705883 0.03562499999999991 0.05649699999999999
0 0.778515625 0.22996517647058826 0.05249999999999999 0.106404
0 0.7690234375 0.584322 0.02937499999999993 0.05273099999999999
0 0.7759765625 0.43660417647058825 0.03374999999999995 0.05837999999999999
0 0.7667578125 0.6338784705882353 0.010624999999999996 0.034839999999999885
0 0.772890625 0.6381101764705882 0.020624999999999893 0.05743899999999998
0 0.7797265625 0.3483884117647059 0.03499999999999992 0.04802200000000002
0 0.7808984375 0.2947154117647059 0.02937500000000004 0.04802300000000001
0 0.79203125 0.5581370588235294 0.04062500000000002 0.036723000000000054
0 0.7971875 0.47603599999999996 0.04749999999999999 0.05084700000000001
0 0.806484375 0.3926444117647059 0.043749999999999956 0.04802199999999998
0 0.8037109375 0.602625411764706 0.015000000000000013 0.049906000000000006
0 0.8071875 0.4330172352941176 0.016250000000000098 0.04331500000000002
0 0.8071875 0.5161764705882353 0.016250000000000098 0.03295699999999997
0 0.8133203125 0.35027141176470594 0.026874999999999982 0.04990599999999992
0 0.816796875 0.303719 0.028125000000000067 0.05178899999999996
