0 0.5785546875 0.23959793265007323 0.03874999999999995 0.04596599999999996
0 0.5758984375 0.2835035768667643 0.030000000000000027 0.059099999999999986
0 0.5830078125 0.3831249326500732 0.04249999999999998 0.045027999999999985
0 0.58390625 0.21115731918008784 0.04062500000000002 0.055346999999999986
0 0.5900390625 0.17063596339677892 0.04999999999999993 0.06848
0 0.572734375 0.13231415959004392 0.012499999999999956 0.029081000000000027
0 0.5930859375 0.3361508345534407 0.04499999999999993 0.06566600000000003
0 0.5883203125 0.13299770571010247 0.026874999999999982 0.06285200000000002
0 0.5856640625 0.07941344802342606 0.018124999999999947 0.058161
0 0.59109375 0.02342606149341142 0.024375000000000036 0.04784200000000001
0 0.6075390625 0.2880361595900439 0.050000000000000044 0.029080999999999965
0 0.6124609375 0.2615157057101025 0.04562500000000003 0.061913999999999955
0 0.619296875 0.036603221083455345 0.05875000000000008 0.075985
0 0.607421875 0.08451531918008785 0.028124999999999956 0.053470999999999984
0 0.6155078125 0.13686396339677895 0.041874999999999996 0.06848099999999999
0 0.6233203125 0.2113848345534407 0.057499999999999996 0.06472800000000001
0 0.61875 0.43382609224011714 0.03187499999999999 0.07316999999999996
0 0.6268359375 0.39325957686676427 0.04625000000000001 0.06097599999999994
0 0.64296875 0.18916944802342606 0.05625000000000002 0.05628500000000004
0 0.63640625 0.33157409224011714 0.04062500000000002 0.07129500000000003
0 0.6444921875 0.08831147877013178 0.053749999999999964 0.080676
0 0.645 0.14784928843338213 0.03187499999999999 0.03095700000000002
0 0.6511328125 0.28890406149341147 0.04125000000000001 0.04784299999999997
0 0.6530859375 0.2431665768667643 0.04500000000000004 0.06097500000000001
0 0.6523046875 0.43945409224011717 0.03874999999999995 0.07317099999999993
0 0.68109375 0.029282576866764276 0.08687499999999992 0.060038
0 0.6708984375 0.11064212298682283 0.06125000000000003 0.09474699999999998
0 0.662734375 0.5496489019033675 0.04437500000000005 0.021576000000000057
0 0.661953125 0.405112803806735 0.03562500000000002 0.042213999999999974
0 0.667578125 0.19415806149341144 0.03562500000000002 0.04878
0 0.6705078125 0.3540880922401171 0.04249999999999998 0.07317099999999997
0 0.6753515625 0.2993373191800878 0.03375000000000006 0.05440900000000005
0 0.6680859375 0.16544477306002928 0.014375000000000027 0.019700000000000002
0 0.7333984375 0.3342843382137628 0.12312500000000004 0.25984999999999997
0 0.6864453125 0.15599467496339678 0.026875000000000093 0.038460999999999995
0 0.709296875 0.06467612298682283 0.059374999999999956 0.093808
0 0.7162890625 0.17214325183016105 0.04999999999999993 0.09756099999999998
0 0.7431640625 0.08535728257686677 0.08062499999999995 0.12289000000000001
0 0.76546875 0.21822350951683744 0.08687499999999992 0.10319000000000002
0 0.7758984375 0.13413828257686677 0.09250000000000003 0.12288899999999998
0 0.774609375 0.03367496339677892 0.07437499999999997 0.06754199999999999
0 0.816953125 0.29555938067349924 0.06687500000000002 0.10131300000000003
0 0.810703125 0.20710670571010248 0.03562500000000002 0.06285199999999998
0 0.8321875 0.04978038067349927 0.07937500000000008 0.10225099999999998
0 0.8344140625 0.25743915373352855 0.08187499999999992 0.11726100000000002
0 0.855390625 0.14209831332357245 0.08374999999999999 0.14446599999999998
0 0.8387109375 0.35299267496339676 0.04499999999999993 0.038460999999999974
0 0.86703125 0.33340693265007315 0.04062500000000002 0.04409000000000001
0 0.879765625 0.027818448023426062 0.05125000000000002 0.056285
0 0.8984375 0.4539551844802342 0.078125 0.14071299999999995
0 0.9119921875 0.08730338067349927 0.08562499999999995 0.100376
0 0.9119921875 0.25940347291361643 0.08562499999999995 0.17073199999999997
0 0.8831640625 0.3087884172767203 0.018749999999999933 0.034709000000000066
0 0.938046875 0.15717841142020497 0.09062500000000007 0.124765
0 0.953046875 0.33729041142020494 0.09125000000000005 0.12382800000000004
0 0.950390625 0.4438906383601758 0.05249999999999999 0.10787999999999996
0 0.9690234375 0.4333171844802343 0.06062500000000004 0.14165099999999997
0 0.973515625 0.25094325183016103 0.05125000000000002 0.09849900000000002
