Balloon 0.0 0.0 579.584 480.832
Balloon 256.0 321.01 407.552 512.25
Balloon 366.592 373.60100000000006 507.22099199999997 519.763
Balloon 373.419008 68.983 745.472 525.227
Balloon 411.648 471.953 445.78099199999997 516.348
Balloon 533.844992 323.74199999999996 704.512 523.178
Balloon 670.379008 434.38800000000003 761.172992 528.642
Balloon 688.811008 164.603 883.371008 472.63599999999997
Balloon 772.779008 458.97600000000006 830.804992 484.24699999999996
Balloon 802.132992 396.14 903.168 498.59
Balloon 845.140992 255.442 1023.316992 519.763
Balloon 981.675008 403.65299999999996 1023.316992 461.708
