Balloon 3.84 335.51812 30.08 357.9282
Balloon 6.4 261.88295999999997 19.2 279.17128
Balloon 6.4 299.02047999999996 27.52 317.58924
Balloon 10.24 227.307 26.24 248.43664
Balloon 10.24 363.6912 30.08 392.50484
Balloon 10.24 207.4578 35.2 227.307
Balloon 11.52 316.3088 40.32 340.64056
Balloon 12.8 277.25028 40.32 303.50303999999994
Balloon 14.08 359.84919999999994 41.6 370.0940800000001
Balloon 16.64 245.23520000000002 40.32 268.9264
Balloon 21.76 268.9264 37.76 284.29372
Balloon 26.24 299.02047999999996 48.0 320.15080000000006
Balloon 27.52 228.58744000000002 48.0 249.71776
Balloon 27.52 339.35944 53.76 361.7702
Balloon 30.08 366.25208000000003 51.2 391.2244
Balloon 32.64 204.89623999999998 53.76 224.74543999999997
Balloon 40.32 261.88295999999997 53.76 284.29372
Balloon 40.32 283.65316 62.72 304.78348
Balloon 41.6 318.87036 66.56 339.35944
Balloon 45.44 245.23520000000002 67.84 266.36552
Balloon 48.0 351.52532 72.96 371.37452
Balloon 51.2 302.86247999999995 76.16 322.71168
Balloon 51.2 228.58744000000002 77.44 245.23520000000002
Balloon 52.48 267.64596 74.24 284.29372
Balloon 53.76 334.23699999999997 74.24 351.52532
Balloon 53.76 373.93608 78.72 393.78528000000006
Balloon 56.32 210.01868000000002 66.56 222.18456000000003
Balloon 64.0 287.49516 71.68 306.06391999999994
Balloon 727.68 388.66284 772.48 404.03015999999997
Balloon 736.0 326.55368000000004 772.48 362.41076
Balloon 739.84 219.62368000000004 785.92 258.68152
Balloon 742.4 356.64776 778.88 395.06572
Balloon 743.68 272.76840000000004 781.44 306.70448
Balloon 744.96 256.12064 766.08 273.40896
Balloon 747.52 308.62548 751.36 326.55368000000004
Balloon 756.48 192.09048 792.32 227.307
Balloon 758.4 304.14292 788.48 342.56087999999994
Balloon 764.8 247.15619999999998 798.72 284.93428
Balloon 771.2 332.95656 807.68 371.37452
Balloon 771.2 120.37632 824.96 192.73104
Balloon 772.48 380.33896 802.56 416.19604
Balloon 777.6 277.89084 812.16 317.58924
Balloon 780.16 420.03736000000004 791.04 443.72855999999996
Balloon 781.44 414.91492 802.56 453.97344
Balloon 781.44 220.90412 817.28 253.55908000000002
Balloon 784.64 184.40648000000002 814.72 217.06212000000002
Balloon 791.04 367.53319999999997 832.64 392.50484
Balloon 792.32 306.70448 840.96 341.28044
Balloon 803.84 250.99820000000003 848.64 283.65316
Balloon 816.0 393.78528000000006 831.36 427.72136000000006
Balloon 818.56 280.45171999999997 835.2 309.90592
Balloon 818.56 340.0 835.2 362.41076
Balloon 819.84 222.18456000000003 847.36 256.12064
Balloon 822.4 189.52892 851.2 224.74543999999997
